71.29525448893334 216.15218871960064 10.776217488991879 148.41845692465247 114.29012330540202 55.930390342456356 174.80916030534348 123.66412213740455 60 0
342.899000145151 198.82674171415945 246.5648854961832 197.70992366412213 247.93795120486115 79.27248491039587 344.2720658538289 80.38930296043316 70 0
567.9389312977099 178.62595419847327 480.935434459012 214.22729557898964 431.4611414750276 93.32071379540002 518.4646383137256 57.719372414883594 80 0
781.9449803692348 76.61307758694635 781.679389312977 187.7862595419847 623.0683333687431 187.40734011967794 623.333924425001 76.23415816463961 10 0
781.9449803692348 76.61307758694635 781.679389312977 187.7862595419847 623.0683333687431 187.40734011967794 623.333924425001 76.23415816463961 10 0
865.2196294920782 66.41859038779262 958.7874048065523 92.63538832638213 924.8567063857842 213.73408136793256 831.2889310713101 187.51728342934314 20 0
865.2196294920782 66.41859038779262 958.7874048065523 92.63538832638213 924.8567063857842 213.73408136793256 831.2889310713101 187.51728342934314 20 0
1023.2043796501189 178.3832160252407 1023.2795086258245 84.03883341015943 1183.7075898232213 84.16658661687602 1183.6324608475159 178.51096923195735 50 0
1023.2043796501189 178.3832160252407 1023.2795086258245 84.03883341015943 1183.7075898232213 84.16658661687602 1183.6324608475159 178.51096923195735 50 0
46.56488549618321 249.61832061068702 91.6030534351145 249.61832061068702 91.6030534351145 349.618320610687 46.56488549618321 349.618320610687 31 0
